2813.9192 6235.038
6318.923 5541.5874
5056.4087 858.49585
8612.225 4382.375
320.73795 3293.3777
371.42993 9977.813
4236.464 937.1877
7277.875 1387.9025
6186.8047 3058.8364
7931.0264 9098.407
7586.45 1061.4121
5135.559 5364.0566
8346.468 9269.02
5476.379 7124.191
7872.9736 4703.8677
6074.045 8884.277
4036.8958 4368.065
3981.5635 1558.7806
8575.53 2948.8838
1002.12036 823.6766
1485.3013 2167.7239
9746.76 1837.188
7062.975 4888.755
7513.2354 9467.948
5554.653 4946.923
4585.4517 6539.8755
2864.492 4956.274
6391.5444 588.0165
5725.852 4284.5537
2713.418 9651.085
6195.276 3250.8933
6938.4204 3542.279
624.45996 5398.7427
8842.982 1584.4077
8508.483 550.7261
2287.9492 5118.644
3192.6096 8056.8657
5706.7036 1255.1915
2518.813 3149.83
6631.882 7791.4814
4561.8335 3224.107
9517.91 1348.524
3879.4321 3920.033
8588.964 6343.9854
2700.1106 3534.3403
8721.139 113.18803
492.75696 5068.7725
8830.536 4394.339
3986.507 7395.6763
4793.7896 9506.102
8296.973 4949.2246
5513.702 264.4652
2009.3811 1083.9879
3830.992 1318.4136
4293.956 5976.249
8075.388 9843.033
8089.1826 531.2729
4178.864 33.55324
8570.623 3211.4358
8505.001 2619.7856
2294.46 4681.713
8477.076 3599.1895
7114.55 3502.8274
9340.388 5906.1377
2049.7798 5266.8066
8129.834 1039.1777
6336.0264 3199.6213
9321.237 1407.3973
7826.818 3641.9802
4445.059 8888.224
8382.549 8409.465
886.0231 7774.8345
1864.9817 3930.5789
3464.8103 6801.1367
3568.076 5525.6777
8513.027 2541.2314
6385.4863 3137.1611
855.62946 6370.169
2538.2036 1324.0427
3282.9624 6931.4253
2342.8948 3120.5535
9135.757 6178.1074
6153.7363 1313.5344
6980.1313 7439.7524
8400.704 6358.106
1986.8058 421.38815
5498.976 2222.6536
8551.046 8779.191
2522.6384 7286.1333
9430.749 8056.6807
7907.3594 9512.776
6803.8623 3832.3938
5338.899 3667.524
3248.719 4355.9985
7445.914 3632.2021
5858.9463 7572.6743
5276.6733 7916.0244
4176.3594 6999.562
9911.327 9359.362
4050.334 3573.4426
336.8175 6597.718
1131.1686 4392.249
3064.2556 1030.8813
2729.82 3687.4246
353.67728 7433.736
8010.459 4758.644
2564.82 2710.0015
8739.833 3752.4294
6592.604 7044.243
5444.271 753.3014
2871.0693 6423.088
3198.2385 768.30206
2619.7922 9402.285
3295.7905 5817.0103
223.52635 3476.7485
9677.645 9890.093
1521.6589 4507.0503
4672.5103 5316.4683
1762.7383 3565.3364
6863.739 2795.3684
9756.041 9139.675
3744.5808 7623.925
813.11163 3888.3782
4341.652 2508.9734
7185.079 6730.6807
7762.507 7724.9795
3415.1106 5819.7417
5286.2847 3606.4512
6169.7393 1346.6907
8324.537 8686.888
5299.2495 9805.111
6521.9907 867.7107
9998.485 1595.0626
8164.813 4376.3335
1669.1202 111.62162
4668.961 3915.4346
2377.706 3848.5962
7516.5234 184.80063
4397.037 9813.241
6908.111 148.09131
5229.072 608.4955
8450.048 7201.297
2534.6978 2967.7922
6273.218 3365.335
1619.088 9052.281
6494.233 9266.319
2402.6 5326.233
4318.5254 883.9244
4288.662 6854.3516
6319.6904 1647.6213
2945.773 7112.1113
8511.96 7655.2373
7955.6133 7220.425
2296.1748 4697.4414
529.7041 1418.8563
7768.579 1920.7954
5330.607 2743.091
5331.8315 5782.528
4899.196 9594.839
7165.8164 3280.1409
2617.0813 8164.2397
4560.2773 8022.4106
4634.1816 620.9105
2071.538 695.77515
158.32425 5421.1255
6162.2114 4928.034
6110.379 4932.37
2667.8848 4922.782
7849.9077 456.3564
1891.4294 5901.9785
4708.991 4397.108
2168.3203 7126.124
2953.2998 188.11345
6720.841 8743.174
818.4713 9233.907
5902.2705 3036.504
26.528835 9765.411
8432.268 1793.1033
6032.7183 9539.675
3881.1738 9896.082
8830.354 4774.237
1944.533 167.18745
6873.887 3791.6326
6461.736 1658.2161
6273.4897 413.9066
7707.5244 7634.1387
4354.3286 9200.241
1286.6199 6430.7812
2727.9944 9829.022
6585.645 8137.7305
7740.9946 9110.951
9809.764 8990.536
1376.0144 6760.8877
3312.245 8699.582
9996.993 787.5669
3402.968 346.36258
1641.6652 3473.2837
6817.3506 8498.169
548.7746 2857.3472
2292.353 5792.1396
4216.884 3511.027
8514.192 7288.437
8263.789 5457.6772
5387.724 2665.3433
5707.7007 265.7205
8975.754 8.02815
3822.2676 7696.4395
5444.8633 9115.419
5507.4214 6551.649
9340.749 3410.2583
6028.0967 6422.9756
1940.1914 5586.316
6145.805 7435.7695
6259.156 4870.6514
1027.6222 7503.783
3539.2104 1430.4823
1068.4138 8419.279
8220.624 3132.9404
6891.4956 5806.8765
3104.5933 97.02087
567.8576 3734.2417
6704.7856 5692.1304
8563.55 2920.985
816.73145 7674.568
7418.764 4997.273
7750.69 7756.309
9791.986 2270.5442
5169.0107 1219.8728
8660.869 8753.325
8263.312 3285.578
9332.007 9734.697
7352.0337 5265.9434
8929.698 2546.0767
6658.2446 9475.585
8445.335 4138.2803
1855.4669 7178.991
3751.896 3067.509
9291.443 2234.7944
5520.9097 6055.0464
4993.1367 4621.3394
8302.337 6667.7065
2529.0298 1698.774
1502.3619 5248.1353
3496.4568 1277.8043
8262.721 2046.994
5282.935 3631.4016
6731.7017 6770.066
7323.2197 215.98756
4626.4463 7305.982
8371.301 4682.0576
5804.9893 3254.3027
4393.24 7776.2866
3562.1226 8695.15
5158.308 6899.4956
2084.5784 6252.692
89.28895 4725.3228
5778.172 6384.096
2586.276 9647.227
7623.8496 2607.8557
1051.2113 5556.8926
7223.5347 3361.584
2933.5977 5121.8916
7434.189 2796.8801
1043.0765 1287.4132
4414.581 7181.0728
4415.2627 7045.247
9260.279 6942.3926
6487.6553 5868.2495
3195.9153 682.379
3088.4434 782.01416
1328.6215 759.421
639.48157 1425.181
9322.813 7048.6826
9433.79 7129.9966
895.50256 8091.1504
8307.202 2935.67
2895.6414 6599.073
453.83273 1335.5011
5844.4883 8883.996
7537.871 8667.475
6381.663 7570.3687
2163.0388 3506.248
69.8185 1462.1526
740.30164 8727.549
7727.2266 807.9332
7939.81 6525.5825
930.9226 5784.055
5351.546 408.05637
5893.3984 8763.761
5368.9062 2815.96
3674.6096 9997.952
3340.0112 5666.711
6040.6953 2491.0867
7923.4624 1856.296
3395.2964 6061.061
9590.691 3041.569
5543.6333 6428.3193
8118.997 6226.933
9839.979 1446.5266
1532.4336 3575.7578
33.404827 9681.082
5617.4976 5137.5996
4163.478 3034.6846
6244.12 7915.541
747.05896 4239.697
7167.865 887.8952
9600.822 6169.9
6716.0957 9645.497
604.1461 5110.4297
5239.7275 5516.45
9947.437 6561.4883
5945.121 8137.491
6636.8633 4692.354
8740.811 2014.0857
724.1714 5217.0415
6105.5957 2715.4946
667.3229 3897.6926
2303.763 6907.9023
7953.0054 6918.683
166.73029 8776.208
8455.626 5492.0137
286.5553 8767.392
8580.587 887.6133
5014.8223 5655.8354
9935.027 921.6875
7851.2393 240.29791
4760.624 8229.504
8391.727 5496.243
9605.525 499.49945
4269.099 9595.098
1442.4419 4513.1206
6775.064 2139.128
6674.825 8235.358
2945.8857 1428.6017
3011.8625 7406.7803
7702.6816 9164.707
9115.656 6827.5347
8569.073 5191.3296
91.89546 8682.037
7983.3145 6591.845
4451.057 5370.8857
4249.7397 4489.953
2034.5437 7091.251
8737.355 6469.4097
2784.2688 2192.0515
564.9024 9745.226
4121.3696 3635.4548
9276.098 8614.039
4357.4814 7887.5923
4001.8357 1715.4849
1039.2815 3561.1992
4454.767 9087.419
4753.7617 9119.589
4464.0923 3639.9233
9809.346 59.83889
4324.109 5656.5063
5749.051 2014.2126
219.66934 5312.4893
6020.2373 3089.9585
657.2479 6443.0977
8776.208 5112.3174
3954.9487 3266.4114
6954.289 3003.4329
2243.004 244.45772
980.65735 5737.0806
5443.7505 7430.973
3992.915 2727.8591
9713.782 9594.677
927.2623 372.28464
4749.044 6116.315
4549.5166 4142.8804
1115.6279 536.76666
2160.644 9185.806
4845.56 7988.6826
701.80597 3985.1736
1429.9631 6288.436
8026.2305 7186.4146
4084.7463 1817.6681
7681.819 2126.6418
2821.0156 5509.844
426.89563 9667.998
7019.227 2208.6477
430.69183 392.6319
7509.858 9719.547
8520.14 7573.8413
6762.1143 2277.7473
536.6504 3221.7402
1865.4626 8555.216
753.3324 9204.6
3277.2273 2283.3157
9048.425 2416.0535
8555.114 6038.64
5089.6074 8297.136
9779.484 6597.0225
2892.701 6990.4263
3410.9824 5779.851
7794.6064 4917.3916
3770.427 79.33498
3922.99 5701.673
5046.6025 8143.172
734.3155 4838.983
142.048 8918.285
9988.656 4223.306
8196.47 7798.321
776.82196 5120.236
1252.7811 297.0475
6836.669 1128.7206
6253.9185 5792.6333
2595.9265 8445.876
2912.7444 9875.025
8144.9624 6855.506
4546.8716 6305.833
7942.081 6465.616
5810.9917 5998.7573
8535.115 7645.8047
3518.0562 4586.68
276.22818 2840.3955
9075.7705 4803.108
1023.4159 2092.4275
165.68243 9221.22
3554.6892 9998.037
6379.451 919.84033
6043.153 1367.684
6852.559 8845.239
7908.331 9703.619
5283.0283 4379.8228
3907.3735 5471.6646
8906.082 688.92896
2976.8032 6465.846
7360.772 5476.743
6380.105 6908.967
6308.464 5929.653
1738.7366 4529.249
53.820015 5854.3604
5885.412 87.63313
216.02452 4729.0884
3821.3599 3743.0435
1172.2201 5885.9556
2807.4824 9431.318
2048.3577 2043.9297
7478.0723 6950.9917
3498.0977 5533.7876
2321.2368 1705.4933
1452.5771 3824.7036
3690.0842 1712.6364
38.368702 8308.0
2241.825 8380.729
9574.849 2055.1567
4178.326 2144.7795
133.59189 5688.569
2492.662 1990.9048
5760.852 6235.055
7504.392 2463.1084
2850.272 2430.5088
4965.5176 6391.4077
9058.766 8372.14
3894.375 2407.3743
6867.12 1541.7164
9782.471 4582.2007
712.81494 8324.349
9937.006 6149.554
5411.4883 1404.4529
268.39792 9332.866
212.4095 6421.337
8887.631 512.93195
710.3938 6505.6147
4303.9653 1231.5208
5401.2954 694.6915
952.08167 5371.0605
4891.2515 7547.5835
4152.9526 5976.751
6653.1567 6759.141
629.617 8949.079
3300.6365 6330.588
344.02252 7741.485
6184.5117 9412.45
4961.678 3415.8713
1805.1088 5729.1426
7735.934 8259.992
6202.728 6359.5767
7363.2715 1634.0697
1796.3195 5329.2773
3506.4673 1923.9569
3776.4192 6117.055
6606.369 4225.927
5343.339 8849.916
7479.199 5620.83
6067.446 4116.48
9479.819 7216.588
8218.337 340.88315
4938.578 8307.467
6878.198 3301.3171
8667.807 4432.317
367.45786 2331.6853
882.5773 9384.268
4344.7817 8099.212
4468.996 5559.7456
1806.9261 599.336
2523.53 6819.853
46.19181 3552.3052
