38229.12 60618.33 
69720.766 51700.188 
71693.43 82902.805 
15986.711 36886.113 
45037.723 87897.21 
52458.133 62541.938 
86410.96 9771.746 
18466.008 74773.85 
92735.375 23529.404 
99820.57 32787.305 
46457.43 94740.2 
99631.13 65285.324 
47093.98 19238.084 
60154.7 61674.6 
31425.303 84732.945 
466.24542 1492.6493 
5019.784 1088.6073 
74912.31 63085.914 
58543.008 93585.85 
53759.688 21636.2 
80651.09 19081.17 
22856.658 48812.473 
36151.89 72904.02 
93974.74 64838.31 
54807.137 92986.15 
95095.05 98398.42 
69226.05 14527.84 
61357.67 61907.727 
66660.86 74981.68 
96631.6 7143.277 
41364.355 45840.465 
4424.256 48566.98 
84027.61 69282.21 
59685.086 14878.416 
50516.02 87841.71 
82329.25 51032.41 
61806.727 71700.445 
84192.3 57293.086 
94158.086 7729.554 
56611.676 34599.383 
86882.21 17964.107 
91718.195 48870.637 
83725.23 12672.186 
40421.95 24732.738 
12183.124 58612.83 
90420.12 1905.7512 
17799.354 99519.516 
42575.234 7135.409 
2624.3806 10429.478 
763.6905 9608.716 
58898.527 96394.89 
3638.661 88365.39 
51292.46 69613.87 
84364.27 72962.805 
39661.55 6423.879 
71748.33 51794.42 
75510.695 10286.129 
51628.344 30786.145 
70806.945 91298.516 
6965.303 75048.92 
69312.9 33410.43 
97794.945 60359.438 
35451.77 12941.73 
34718.086 84546.734 
71373.914 75859.14 
31528.348 52016.188 
32207.953 85228.25 
91242.32 10340.565 
5589.968 37090.965 
15388.572 25252.217 
72930.734 74534.414 
16916.805 70202.055 
65271.46 31795.889 
33307.42 46196.312 
50075.863 27831.006 
57008.086 55727.645 
41305.17 30863.416 
36623.336 26694.178 
63329.33 99.41459 
23574.346 15220.386 
39662.484 10159.576 
97279.17 33792.824 
35505.23 99043.03 
57142.336 28199.375 
94274.78 86852.07 
14462.918 15072.864 
53664.707 64381.934 
2259.6716 44611.08 
57566.613 86401.93 
79271.84 50061.23 
42990.51 51460.64 
77137.81 18164.611 
42831.84 49843.754 
906.7833 70866.99 
18159.264 94464.85 
74339.586 97685.63 
157.48143 60605.68 
37453.605 56218.113 
59785.062 83234.59 
76828.17 52981.1 
30744.492 42874.176 
54485.004 92237.31 
31965.459 99477.69 
11682.874 2429.9146 
83244.24 59387.39 
55516.453 10579.926 
91042.61 23128.736 
92400.34 78362.03 
30123.96 15545.022 
89775.77 59967.387 
35399.676 37665.195 
19937.908 13261.354 
92094.125 58851.387 
44796.914 40684.57 
11444.307 34383.715 
22519.434 54925.33 
64274.973 47962.29 
74023.82 33269.785 
21888.305 39956.145 
14711.851 21936.787 
99049.19 53985.273 
92911.62 82411.18 
79014.516 69026.06 
47394.28 92151.41 
17442.084 48186.67 
937.6526 54973.4 
7828.9927 34173.06 
1979.6133 76376.53 
53390.367 24887.777 
51485.883 77113.85 
31828.463 29263.604 
54611.836 67015.05 
83404.8 6086.487 
96744.04 69607.5 
67570.42 39023.36 
99050.695 67170.42 
57901.992 75219.44 
80553.47 42784.953 
13314.808 17607.623 
70568.45 99556.9 
29874.701 91483.836 
38577.586 82898.15 
41713.56 22012.682 
57421.945 66531.26 
71589.84 43266.863 
92205.57 60263.53 
96856.34 82362.44 
21326.22 82660.37 
80647.76 9484.583 
90283.65 16192.556 
51937.543 40420.938 
73844.516 29461.455 
3005.9397 11011.124 
61067.223 40504.54 
5391.949 90123.06 
71722.5 88299.4 
42464.836 50882.824 
85712.76 34327.098 
80553.414 9481.716 
932.9915 91898.44 
83633.05 61590.934 
94179.23 63924.496 
46722.8 81921.57 
16560.72 97522.87 
28533.549 530.4098 
14584.583 50454.484 
97988.695 66905.69 
93644.89 25604.396 
35782.254 60551.184 
77863.67 7839.173 
10226.154 94662.69 
22710.633 26441.145 
55664.746 91562.22 
90999.586 36345.887 
46406.08 27888.662 
52958.703 34566.105 
74456.51 61267.586 
44151.316 3008.9377 
95679.625 54489.4 
45946.086 45480.527 
16976.477 18367.727 
9676.552 91683.42 
12659.162 49744.83 
53078.438 2670.294 
7633.394 59937.863 
24348.766 85307.41 
69899.3 73719.08 
71348.49 14171.028 
57118.797 46199.586 
19994.068 50858.848 
48788.59 50305.926 
63493.023 27420.36 
24420.207 50530.34 
82323.7 33529.0 
71894.555 7990.7896 
51104.074 78733.35 
1972.4191 80309.75 
72914.01 30793.912 
23261.5 49226.867 
2218.4907 99459.92 
85534.48 55080.277 
45086.316 9351.057 
12243.003 55264.414 
38523.1 4730.475 
19774.377 82503.84 
20865.334 48298.09 
11157.578 26338.5 
81551.17 12668.901 
55563.05 29724.902 
73244.89 40466.06 
37388.395 3312.1824 
42109.035 42049.586 
15623.813 48004.34 
75666.16 60479.31 
56504.707 16188.097 
32659.996 14597.714 
41452.855 71867.445 
38913.887 12899.757 
54564.832 57343.31 
48506.027 44479.984 
86321.016 80513.23 
54562.258 6723.225 
64967.484 82908.25 
20346.033 32005.256 
26686.496 78861.055 
3652.4712 63530.582 
38050.3 4402.274 
88152.555 91152.53 
87492.83 28364.754 
69460.21 55756.82 
10091.525 44554.69 
84297.4 31266.23 
15595.775 33603.02 
14011.723 88826.195 
62452.625 96181.39 
42469.59 82106.3 
89957.586 69658.88 
39433.18 86311.734 
61306.93 41053.836 
68167.65 98413.54 
27266.293 17430.121 
57268.61 10812.652 
33731.133 56888.383 
16411.256 5248.04 
27282.625 59266.086 
31577.623 54903.2 
66893.82 64900.457 
22805.762 48581.266 
3486.204 75705.555 
44924.848 66291.88 
13656.914 47809.41 
25206.209 96970.13 
61487.63 75594.09 
60298.816 29239.953 
50113.195 98746.305 
94965.9 99613.93 
20192.338 86488.15 
16548.758 10323.107 
58415.0 45208.375 
69117.74 43692.58 
18846.756 30007.268 
103.610756 90781.0 
1706.177 29020.19 
37824.965 69607.625 
16866.727 7674.5034 
81538.31 49983.69 
17051.512 13203.001 
95050.914 96594.65 
72742.84 26789.129 
91978.25 34954.66 
76964.81 29720.21 
4636.228 83148.7 
83336.695 3004.6284 
41383.4 49425.31 
60468.863 78258.28 
68834.62 96801.97 
75526.695 86538.78 
48429.656 22555.566 
30577.516 35518.684 
11847.007 96015.49 
68431.65 72321.74 
60005.516 72240.82 
36672.223 36938.113 
7006.9434 33294.414 
66334.66 70891.73 
87268.05 60835.336 
47452.293 48320.473 
83008.58 73108.92 
99949.68 36476.875 
74752.95 52157.527 
72970.305 53555.473 
41931.688 80800.7 
6817.4956 71455.88 
49209.227 17802.47 
52720.906 46415.312 
9806.502 79377.4 
30387.133 52268.797 
65629.67 8072.5728 
70833.63 29362.012 
19074.477 89945.1 
21733.91 50853.18 
79374.516 98247.0 
9126.991 90364.74 
91539.37 68501.77 
47884.15 57810.055 
25335.842 44445.934 
64113.41 49917.508 
50266.23 26911.957 
46361.535 48757.582 
77766.57 35005.773 
35001.46 44764.285 
39374.22 79105.88 
16839.533 73709.62 
97698.42 3066.6829 
36324.08 42279.918 
71782.5 84893.74 
7678.765 90820.055 
48799.086 73983.695 
1028.0669 60021.508 
56706.656 73258.445 
37647.812 10462.797 
77069.6 57208.258 
17692.781 98656.59 
81066.44 14588.1 
91270.45 63371.117 
4958.6655 56446.785 
89002.42 83290.54 
31953.824 77031.71 
40011.816 57439.07 
86271.53 64188.207 
7678.7173 48157.293 
50923.8 46009.64 
70910.59 41791.57 
4676.807 27102.584 
20787.598 92703.75 
5108.3984 7882.75 
49283.773 53858.453 
75665.2 17348.068 
93665.68 83289.664 
45017.953 98881.99 
2775.1445 85442.14 
29490.28 21483.48 
90669.27 74041.18 
94381.67 98622.766 
90288.12 67146.98 
10921.7705 63469.152 
61530.715 72837.73 
83493.055 3875.9053 
11238.098 37042.523 
30567.955 11148.709 
59313.797 83978.24 
94263.85 52740.258 
18079.113 29061.973 
42074.43 76639.62 
18792.254 17764.092 
32553.553 81958.8 
18203.926 89390.53 
99682.17 10220.54 
92532.055 69052.6 
81329.77 90843.516 
90086.41 4977.7866 
71428.84 4588.6694 
76040.57 31776.451 
16828.078 54121.6 
92929.52 7311.9404 
44702.832 71770.33 
53052.402 34490.473 
89118.06 72988.14 
19101.662 96722.42 
62910.438 28503.383 
57353.96 53199.016 
78345.94 78748.41 
24288.803 17731.744 
74692.375 27570.04 
78505.78 82033.29 
38411.902 6655.1865 
71559.336 4355.955 
60426.508 2343.8455 
35403.555 19789.506 
30954.193 38894.51 
42432.992 5757.2603 
24679.596 49724.89 
3826.0818 60905.2 
34249.555 75145.59 
564.84344 97281.1 
7821.399 62672.2 
11950.046 63142.305 
84003.65 26738.596 
41799.875 79663.92 
75190.664 37702.71 
11268.962 1062.0892 
65992.76 46156.46 
28123.111 70076.82 
88002.79 25011.2 
89435.31 4318.4756 
34131.688 97474.56 
82424.96 92674.21 
46615.26 59275.656 
16252.112 22862.643 
71781.055 45304.883 
16020.691 83445.305 
23817.277 7748.008 
4372.1914 57343.137 
48970.152 89908.71 
71507.85 34420.484 
73486.1 98889.91 
22220.295 42302.27 
53700.305 4364.866 
89814.6 15663.219 
8253.318 49598.72 
18235.498 72210.93 
91606.45 36027.844 
52186.812 29982.244 
88749.87 91978.94 
2738.0645 15950.269 
54993.387 18983.055 
5380.9463 74927.68 
56549.734 11649.287 
86557.28 74040.2 
59625.95 6803.9893 
51474.715 9388.465 
73107.74 48736.09 
94013.445 94731.11 
35641.254 75638.78 
72476.49 47987.64 
97787.81 79988.58 
51929.67 80016.414 
37563.72 66501.25 
64309.555 35475.688 
49503.684 95861.914 
6055.659 80690.23 
7642.5137 32614.225 
74766.305 85451.27 
48545.184 9948.999 
31618.25 765.5561 
86593.93 32750.564 
75672.484 2992.4036 
27838.44 89802.05 
85669.95 5885.1304 
16319.603 64740.062 
50770.594 49160.074 
36189.652 77970.46 
95489.18 57798.082 
20284.873 64657.797 
47726.684 46840.43 
29987.615 79991.164 
89492.76 77542.37 
78979.68 6682.521 
25183.803 72020.14 
64390.934 32103.275 
54953.145 73664.05 
40247.77 26211.03 
23930.104 22343.873 
50201.76 25618.678 
50270.254 58620.973 
17258.383 54537.25 
5019.2593 5681.449 
38428.633 57165.535 
8629.286 16460.008 
30507.512 97252.46 
27075.129 45436.28 
30966.693 94431.75 
44583.445 77922.99 
44474.625 10495.656 
80032.27 56455.582 
92874.46 95570.69 
15432.221 5328.417 
34423.48 29280.662 
53208.496 5656.6597 
59402.1 97091.375 
95222.9 88891.875 
94324.44 80349.484 
91874.984 34862.67 
89226.79 89840.96 
90785.3 8590.043 
62988.496 68348.77 
88384.336 89844.945 
14276.689 35596.938 
66416.3 21239.09 
2242.0466 58599.08 
61436.016 69198.05 
76075.83 37822.086 
46663.2 91150.03 
8334.088 92324.266 
203.69292 79427.54 
18717.82 69295.11 
35111.81 94539.81 
75756.41 60931.008 
88818.05 58509.355 
29377.348 76615.164 
21166.963 92818.36 
61270.207 34775.938 
81093.484 9183.615 
78693.9 26988.555 
46520.664 87938.266 
15171.075 88830.81 
65406.49 65374.637 
15413.219 36241.145 
68334.68 44185.16 
56687.434 92753.64 
45278.11 382.69162 
12347.585 18660.086 
87121.68 85103.2 
70895.83 36096.246 
62482.316 73872.12 
44016.85 29053.623 
3890.8481 51691.598 
95649.91 40726.6 
6396.8184 6184.2144 
257.97485 25327.998 
33331.223 38574.35 
48757.92 72016.875 
85832.21 63132.22 
4641.5923 65915.516 
27637.62 8536.977 
18007.07 97945.66 
87719.945 32189.72 
11709.81 70548.04 
59041.53 22640.287 
99621.28 60985.566 
10809.195 71862.52 
2850.3596 15155.327 
68190.97 13062.608 
24352.24 21495.29 
41917.133 20038.205 
87047.96 2077.8179 
10230.541 68888.5 
54641.645 3307.3604 
37296.742 54236.203 
39804.453 45318.543 
20764.994 1253.134 
71156.35 22300.977 
82330.72 6935.3403 
81195.195 37219.137 
79846.41 3568.119 
92485.79 6971.6753 
29029.68 52534.656 
2329.8145 17729.848 
73707.43 24995.88 
87904.8 26357.418 
52707.33 99007.125 
98411.41 50353.95 
41169.797 30906.068 
49843.05 25153.088 
26724.803 36934.9 
56138.785 19881.707 
44489.52 32738.953 
90065.58 28443.42 
87340.9 21368.652 
73372.445 6189.549 
22857.105 31517.184 
11557.186 19206.613 
49474.527 87832.32 
59785.492 55665.06 
70853.305 34188.543 
86716.9 10588.926 
38580.137 32798.613 
78646.62 67228.59 
33867.664 70048.98 
41706.69 31922.936 
23856.508 21089.535 
41933.047 33457.59 
27819.58 55686.28 
6662.2915 22559.893 
73653.69 17910.05 
63647.066 28979.605 
71478.15 31201.62 
41961.777 80809.33 
5212.5635 81601.836 
9510.595 18085.414 
66259.52 17907.023 
91861.43 46626.598 
67765.96 94708.19 
55138.04 61423.64 
70587.25 28263.807 
48546.04 6161.7734 
80549.766 55569.9 
79338.375 37673.54 
93733.195 92517.94 
32004.72 93881.01 
45416.934 425.75598 
74373.305 60252.582 
77513.766 53305.105 
4131.013 33693.992 
67517.125 76870.49 
50798.98 61400.96 
43297.992 19439.305 
39059.836 4368.919 
46898.848 43526.582 
50944.734 36394.86 
56491.227 63165.45 
65991.72 36489.016 
48910.73 27915.56 
62132.824 89175.91 
990.1941 91347.8 
85618.305 48302.293 
21923.13 34767.992 
38419.22 97344.13 
62062.125 20382.332 
36751.3 6038.8267 
7160.61 60390.617 
97936.016 19246.865 
87682.76 37062.816 
55870.242 50617.65 
77330.53 35212.703 
61842.035 98806.555 
35575.05 33196.426 
29042.912 67137.81 
48252.445 86262.78 
40438.78 84764.99 
16022.4375 60456.492 
83035.39 86146.0 
30837.59 84080.76 
52184.844 70182.31 
8987.576 63776.13 
416.97025 96395.59 
29537.146 14449.28 
82142.516 75313.64 
68149.36 16527.986 
72078.64 17659.938 
47772.695 94332.23 
47816.293 42396.957 
24178.314 98801.8 
19821.883 29134.852 
30881.578 33536.996 
42393.543 84420.48 
64902.223 31282.758 
31538.004 74063.62 
62754.69 28871.232 
68073.555 31598.275 
971.061 1550.1857 
51986.37 64439.773 
33613.406 65943.59 
55471.875 49067.95 
22212.225 97057.35 
63293.32 90991.125 
13267.284 95261.875 
89012.73 57234.215 
12074.227 89619.74 
71031.6 3120.7979 
96713.305 43910.973 
22772.902 72217.62 
15388.793 99930.39 
84103.78 61078.95 
37082.31 21846.842 
76416.44 98027.555 
48138.69 7437.444 
39641.06 78361.234 
44707.555 82721.65 
46660.26 44364.08 
97000.305 60860.36 
77742.305 66178.14 
10484.981 3159.1833 
56136.473 14362.973 
81137.2 87687.7 
15116.53 63811.363 
6714.2725 51528.55 
88567.984 5133.9985 
39052.945 97190.82 
1555.0435 88771.805 
29254.316 27517.89 
26849.92 90601.984 
59268.39 20804.066 
68648.11 68895.68 
71096.266 67189.09 
18929.982 10945.994 
95170.72 36163.723 
96273.984 24863.518 
59351.766 24698.031 
45306.65 75841.625 
91588.62 76664.21 
29126.502 56098.957 
45173.742 61493.99 
51515.125 99746.9 
3479.8442 37081.32 
72910.92 45602.363 
9271.246 96565.85 
39146.41 26632.225 
5574.6855 47629.035 
87825.62 39996.59 
34449.934 97181.36 
79745.92 68840.055 
75900.61 3757.4768 
75560.82 79910.08 
1003.66473 18569.727 
27363.652 80170.16 
85820.625 7066.28 
25283.742 52795.04 
80802.81 33127.035 
57578.926 6821.3286 
44549.836 93898.84 
43942.703 15376.145 
41569.06 24977.297 
53498.137 11480.951 
27071.613 2499.4434 
46711.23 86147.87 
24095.977 64101.39 
92525.164 45638.34 
60957.05 57056.613 
24506.26 39686.184 
22069.543 15749.717 
61629.527 53108.633 
59798.168 27522.516 
37253.004 44013.03 
76661.83 85483.5 
43388.39 23788.666 
68797.51 57789.48 
3932.2139 69849.58 
96216.04 47943.395 
70254.07 80826.66 
31513.781 41621.305 
73433.87 66317.086 
25110.256 58323.18 
40299.703 76672.57 
95845.17 65678.34 
63854.66 41491.645 
15282.112 99529.97 
24121.445 93886.31 
52039.06 32041.74 
52114.844 8191.8716 
98915.82 75141.555 
69626.22 95115.89 
35848.81 18833.541 
80633.4 55476.24 
21437.836 18525.129 
29109.996 43318.04 
35915.52 36846.07 
23288.578 84549.36 
70236.64 51860.785 
91332.3 18078.727 
16034.305 92535.016 
19004.453 4124.242 
26416.986 95316.91 
218.36162 86801.37 
172.20378 73297.31 
38042.008 14760.208 
74418.15 96253.57 
81371.2 50565.516 
70936.305 29646.271 
93436.95 24293.668 
27470.582 21084.023 
77751.72 73619.086 
648.16473 40712.75 
48014.434 27201.812 
65634.68 28303.033 
16685.432 22752.219 
68262.34 14442.593 
96024.336 49586.902 
37559.914 20195.014 
91780.74 88211.24 
15073.991 91927.055 
17678.959 8441.216 
47122.254 52863.652 
45393.79 31346.064 
57492.56 96494.17 
14738.179 58950.85 
31742.209 69478.6 
79951.34 5844.6943 
6115.502 92505.625 
35775.668 6818.7773 
40455.414 10013.831 
9743.398 29193.71 
36918.152 96244.84 
90872.67 43935.46 
36702.09 42256.098 
88723.43 38913.637 
22582.723 11848.802 
37224.484 25198.018 
83321.51 53490.758 
14404.685 54153.223 
59821.64 48926.96 
89507.87 41876.332 
15381.819 40026.383 
13116.724 77387.01 
22007.264 15327.62 
71845.85 62647.438 
70245.305 32598.133 
57687.527 13245.606 
25502.164 68453.09 
81819.92 7267.064 
23663.646 99694.086 
55041.71 51918.113 
22791.242 51591.598 
81217.51 89819.75 
75717.23 77977.46 
68256.68 63101.59 
25848.781 37925.164 
63066.332 18586.873 
41057.207 89231.586 
5294.049 73132.33 
19130.832 54189.332 
69995.23 67794.3 
24178.291 16633.469 
14924.55 52719.074 
43165.082 58401.62 
55074.336 42849.195 
2345.2102 29665.535 
79290.34 25608.324 
16917.652 1642.4536 
83025.95 45148.234 
96314.78 66604.31 
82099.555 19547.094 
19948.096 12563.318 
67060.64 5136.8413 
82140.516 6278.384 
61623.516 20068.621 
73821.01 5113.572 
24581.164 93022.09 
86115.97 86667.164 
28468.043 54911.78 
46324.676 24918.67 
13610.596 35389.35 
9307.652 56915.707 
39515.883 32294.88 
51754.188 17808.824 
81038.78 62945.324 
48147.816 81469.86 
71488.086 79799.98 
35848.492 25188.791 
13644.851 89708.164 
13202.029 50289.816 
30248.111 82283.75 
14927.936 85255.68 
33341.72 77187.5 
99495.9 87479.16 
65273.035 97016.21 
85360.74 46513.117 
19201.744 68445.27 
28679.883 92170.31 
32642.031 32158.81 
31694.162 80596.62 
70561.09 86400.8 
65830.66 90136.28 
64443.22 10728.455 
39617.688 15116.269 
47863.473 78340.914 
11832.053 22352.332 
57675.613 6354.207 
63383.133 94039.32 
40892.375 54319.305 
86048.04 47610.42 
91523.71 29418.6 
6388.1816 13076.711 
17654.145 10975.927 
43394.84 90292.85 
18308.133 62585.684 
48337.098 70603.914 
1412.4393 54280.926 
14938.771 21540.643 
50466.37 93252.945 
92724.3 20837.814 
8237.987 34804.523 
21790.922 22305.97 
83593.61 67124.57 
14343.667 15308.028 
52925.836 87337.31 
88339.28 40157.062 
53874.29 91888.55 
58108.176 71102.01 
97245.586 23032.928 
72753.57 18207.574 
27160.81 52890.348 
77671.92 9930.205 
71228.195 56717.684 
40217.418 44171.74 
56506.78 63730.992 
5178.1655 70748.586 
45556.56 64609.63 
27487.19 40300.113 
25137.705 63877.527 
11914.438 10492.289 
71115.03 58411.867 
86146.164 90829.98 
12642.962 92659.17 
53737.53 72415.84 
30366.527 30592.787 
46317.434 82588.1 
83598.72 14432.275 
94838.36 19601.41 
64464.062 72638.53 
12618.363 16512.656 
99882.12 43232.76 
68748.68 2388.1494 
49866.785 93160.54 
89783.875 33114.918 
612.81323 16894.578 
66448.6 52792.285 
98719.11 65963.91 
36655.652 83280.2 
76958.99 397.96234 
38016.117 76428.53 
48364.465 19529.646 
64128.465 67311.62 
92970.42 56121.527 
56466.39 43010.332 
87103.734 38836.86 
25164.748 59748.86 
68152.06 4707.1816 
20261.305 60197.484 
35671.664 88048.33 
93132.875 35248.33 
42667.617 14407.277 
64426.113 52376.277 
66892.734 78305.78 
88494.086 11689.83 
91862.96 99068.23 
9292.424 55898.59 
99591.39 98728.69 
93257.8 30678.78 
43225.36 75315.4 
593.82916 85372.91 
47069.652 683.05133 
87644.12 2741.9688 
75945.15 28038.71 
84972.24 21791.518 
35328.61 75484.54 
54037.457 54768.78 
50922.137 59939.188 
20910.34 22594.559 
31698.357 93922.586 
19584.22 30628.604 
27360.064 55681.176 
46687.273 56213.152 
40654.438 82340.15 
50682.277 12399.107 
71018.03 74105.62 
14162.094 19199.973 
30336.898 94476.164 
70129.49 49269.133 
48738.64 92994.71 
50021.16 2747.3508 
50651.645 875.5386 
40842.973 3933.4595 
34048.39 70038.43 
24582.947 37209.117 
91821.695 58394.152 
48830.406 52176.07 
19426.633 50938.58 
92335.65 58184.004 
10869.587 41174.008 
22489.166 342.1545 
42265.195 50996.215 
18090.04 5784.6963 
22750.21 11436.2295 
45328.637 17528.033 
83591.57 60063.47 
17962.074 89908.09 
12716.687 83537.47 
54855.574 14572.186 
91304.234 72400.82 
25356.734 28638.822 
76990.28 87957.71 
71631.93 40309.445 
12969.69 22766.137 
38706.613 94359.21 
39918.555 73235.234 
69408.99 7054.186 
97156.28 17972.004 
19925.922 82705.625 
27544.123 93337.2 
79761.43 1907.5037 
36830.883 89182.85 
90372.375 53202.332 
99869.97 15551.859 
22789.127 88237.01 
83520.29 54383.695 
14566.689 77220.33 
57095.22 49711.09 
69224.37 52557.016 
56739.707 72737.44 
71001.414 68850.375 
38708.742 43399.71 
68676.47 6040.5493 
9616.863 92957.7 
84077.53 67345.4 
28566.229 9780.526 
23765.344 7023.8115 
88690.76 46359.527 
31539.936 85979.19 
63939.613 54761.82 
50540.25 31117.338 
43540.0 11910.313 
47739.195 41484.547 
22015.959 48456.613 
41849.25 78917.24 
196.39731 85388.484 
14629.639 30675.572 
23436.373 42230.73 
42219.656 77813.65 
11225.3125 17667.615 
69620.39 26424.986 
49203.594 67109.29 
50329.082 4022.515 
34904.977 48178.887 
62228.418 23859.041 
14650.262 61908.89 
88291.45 23720.705 
76112.836 48764.902 
59939.27 79448.766 
82148.28 70185.6 
15751.636 28043.4 
42327.74 10422.933 
37763.58 50617.832 
22852.736 13936.204 
21177.09 15706.527 
29582.523 50846.06 
85684.12 61553.664 
57012.234 98963.055 
92754.3 59145.97 
55252.46 94205.56 
33520.6 92099.87 
12240.904 31910.502 
56942.414 75319.22 
97240.59 76278.33 
23696.012 10924.381 
39635.383 32203.484 
74005.99 10693.968 
82422.03 57807.9 
58970.652 51599.3 
18733.514 3466.3796 
96743.19 41452.11 
91134.82 86898.28 
14416.921 60794.55 
64049.81 88473.3 
31145.482 84566.48 
9055.96 37274.535 
30739.928 31479.186 
18285.81 69278.09 
85869.39 13161.582 
62976.855 63404.4 
99506.12 70840.28 
80302.05 89895.53 
61170.082 70448.5 
22793.139 55760.418 
9923.982 42571.016 
69551.3 72752.28 
7341.6533 80528.03 
38449.895 49912.113 
51528.168 66245.79 
72911.336 72099.46 
77727.945 61485.016 
7633.7812 41672.902 
57450.12 52691.645 
54718.535 57675.8 
12012.702 56450.742 
37679.504 87186.766 
28915.566 3581.804 
36292.004 50133.277 
11767.042 11689.246 
73458.82 21624.53 
3191.0776 5918.3003 
67351.164 36084.73 
12127.113 47267.14 
11946.022 13070.178 
14409.143 7637.328 
18468.105 75105.625 
10993.945 85495.64 
13704.753 79212.305 
49532.95 69262.234 
21059.137 73619.78 
90292.43 25087.201 
51716.484 33616.473 
20179.402 48345.387 
69408.375 41321.45 
52595.562 74848.305 
8772.206 95638.945 
55100.684 88381.76 
77829.46 64633.996 
814.7955 89733.56 
46074.254 93452.74 
67831.88 51943.387 
55309.71 28677.852 
8676.922 84215.45 
17746.21 13191.879 
69344.11 58975.117 
19844.443 94318.23 
65352.176 33177.906 
98624.54 98880.15 
76499.66 65508.77 
25157.256 90085.64 
28868.174 8920.479 
26006.395 87595.414 
13687.706 45493.973 
13615.62 10110.074 
89838.39 44364.434 
29953.79 72231.21 
17226.16 19010.467 
40889.18 18682.074 
29553.867 57180.297 
41305.184 20251.947 
29947.227 3818.077 
40261.496 49651.914 
54630.953 17310.787 
21721.215 40998.758 
16841.37 54016.9 
7494.396 54600.535 
4177.7017 91241.67 
55892.164 86387.64 
41716.285 89531.72 
90757.164 97563.59 
54835.98 50377.28 
82460.51 90252.24 
19534.582 13201.058 
64371.21 16062.694 
94075.82 88005.945 
17262.674 118.255615 
99426.01 58442.62 
49984.074 68295.46 
92763.195 49594.934 
40169.883 31857.049 
39326.78 9783.375 
24275.07 64558.797 
84291.81 44533.008 
75108.83 82450.87 
4780.9897 90983.89 
18407.828 37327.344 
49464.16 73942.96 
91768.58 69012.44 
61645.83 21052.92 
71183.62 38881.75 
13826.489 78815.016 
97051.04 23236.86 
35274.48 97139.67 
45212.406 67979.11 
87306.94 85466.37 
64497.938 59623.617 
77207.586 75107.6 
53407.008 17780.537 
14775.676 1210.4869 
70728.19 53092.094 
14486.158 83535.03 
71718.76 6098.4136 
60540.23 92124.25 
69345.2 7023.7637 
56405.984 24954.021 
33271.81 95998.72 
19808.984 56929.465 
34824.555 66299.64 
98865.39 89330.89 
8915.931 39891.25 
35800.098 96259.45 
51568.12 31561.506 
97415.38 29107.512 
79706.445 83463.47 
2442.813 64960.3 
6611.6514 60710.88 
76703.31 22564.436 
97932.91 47160.996 
49512.535 86580.125 
68398.516 1569.4678 
6208.0503 82833.09 
15056.4375 62390.965 
39560.695 3828.7222 
98583.06 85660.45 
99996.695 53575.688 
27279.223 77221.48 
54144.824 36543.94 
49002.945 27229.584 
91690.2 69167.914 
52457.41 62073.617 
10633.993 19579.799 
41760.434 13910.807 
94906.77 47160.973 
5682.5044 39749.777 
30258.941 97035.52 
16778.559 45850.73 
84159.5 23865.79 
85094.19 36114.805 
73096.27 56373.445 
58248.742 78641.875 
21516.229 40093.73 
14351.064 97844.31 
66320.07 96227.63 
79062.27 52074.4 
10287.178 33404.51 
13673.949 51876.754 
78324.28 35084.047 
50618.91 41501.547 
78587.31 95653.445 
87489.67 87553.95 
33213.395 84516.914 
14331.431 51523.87 
82828.04 10196.507 
23441.625 26907.182 
17678.773 30294.9 
696.0213 82732.59 
74024.41 91803.2 
94896.6 11143.565 
5422.2285 87424.66 
11973.989 41412.746 
88261.3 14143.509 
47065.656 72110.32 
13058.263 21078.008 
95331.08 29391.574 
6743.9854 24656.623 
25470.15 76361.91 
5820.668 54353.316 
44706.504 46628.215 
80565.47 14675.808 
74722.26 26427.95 
91418.86 15949.959 
21734.625 62675.445 
30655.176 33874.637 
95452.64 78977.25 
76033.88 16089.362 
78717.83 64804.85 
14330.394 12416.828 
97706.234 92796.08 
7713.3 77394.375 
99950.17 70371.48 
96454.09 81632.9 
30240.172 50846.477 
99319.16 88943.07 
51616.85 98904.57 
75409.62 64613.47 
96896.63 10142.869 
5702.2275 96341.74 
45045.71 35446.02 
91934.96 41800.34 
93586.086 20783.24 
27920.746 88415.914 
73262.3 80818.16 
92316.11 83473.01 
12405.169 21193.408 
31090.998 91997.01 
76601.336 76787.9 
26521.248 80969.53 
63026.445 60490.848 
91851.875 40286.17 
29552.703 14504.337 
36564.504 1547.1399 
55735.664 20847.1 
36445.016 37405.848 
18071.162 83121.92 
30719.852 37979.496 
75355.47 12825.43 
91056.664 2003.3837 
94254.766 92181.7 
45163.094 23303.676 
50782.61 94893.08 
42336.742 36149.984 
53597.55 6108.153 
66201.57 33571.56 
90979.24 24655.098 
97905.53 32282.238 
78948.086 62089.258 
23458.498 7026.6904 
14996.958 83829.44 
44177.52 562.2864 
34855.996 3642.6902 
67210.82 66818.89 
50975.625 31580.615 
21976.758 71786.586 
76164.6 51331.234 
11536.306 46185.637 
17047.273 31551.838 
79187.38 6852.3228 
55508.51 49375.387 
59007.977 79970.33 
25688.666 66783.336 
14077.741 22794.121 
75800.59 72321.73 
22380.734 44414.086 
72304.375 3677.0999 
92955.87 27532.906 
35843.89 49460.297 
24047.13 98349.21 
78685.51 91265.93 
11458.713 40732.46 
59879.58 66344.82 
84996.414 3238.672 
62477.56 85267.484 
70047.05 66538.28 
85182.79 32554.412 
11592.704 76947.625 
94903.99 67751.51 
51172.36 75477.12 
5744.213 62745.816 
50695.54 66698.98 
90730.64 92721.16 
18101.895 47424.598 
34625.848 4080.2659 
11477.834 10357.017 
46819.086 25506.943 
3532.1711 25302.125 
52755.195 57269.18 
45753.33 91998.85 
8605.73 59594.625 
19891.053 30043.299 
57723.004 80768.164 
37707.79 87675.44 
97456.164 88355.76 
2622.9382 91373.83 
12575.394 38058.863 
78635.08 40329.867 
76083.13 81122.6 
92771.18 56078.0 
21641.969 46493.465 
92611.4 99032.34 
64079.414 63146.406 
75816.26 45678.53 
28117.334 12836.581 
34997.875 7007.539 
41105.258 27201.057 
19997.99 48835.562 
36414.21 95424.77 
7243.824 25371.385 
91383.38 10941.487 
99244.34 50274.617 
11232.12 15773.708 
18670.059 35060.887 
49892.79 58599.023 
43349.117 17681.908 
94836.37 53498.457 
78743.51 68131.89 
8015.7993 48193.53 
31185.229 90759.74 
14217.913 97572.39 
21811.598 81416.016 
24381.262 6164.7534 
31509.883 42513.227 
20605.35 94235.27 
50346.77 469.69055 
65259.875 50172.996 
312.4237 11843.735 
15226.18 27271.533 
32458.568 29814.268 
68106.07 97791.94 
63675.176 38653.26 
67265.2 89914.56 
4762.87 46657.836 
81704.086 53914.027 
50762.242 67917.87 
22643.691 59293.242 
12654.656 69605.7 
86864.11 42911.492 
92820.49 27567.184 
35543.836 64121.902 
66612.88 21307.879 
42727.715 82943.766 
70971.87 26511.025 
28528.547 44245.375 
5373.0903 84558.36 
35480.15 9274.697 
78095.29 63782.78 
1657.8197 36685.46 
34635.312 85052.34 
28630.096 41060.637 
58241.273 87523.555 
66178.23 86995.83 
53431.863 20824.05 
27006.09 51793.105 
791.7643 93409.54 
74163.27 77017.086 
89361.79 98329.01 
70231.85 47427.375 
95972.18 6129.259 
51907.88 80534.195 
38605.58 28201.307 
65681.164 78201.07 
3342.2888 44646.223 
21931.064 6873.447 
46965.832 79907.59 
55776.16 10244.375 
45537.113 32236.219 
16116.923 69136.336 
74136.87 93836.0 
89981.28 61306.33 
15798.372 75667.664 
40824.34 18552.988 
54987.73 1799.5715 
37958.19 61268.992 
79731.74 4397.148 
53722.125 19347.656 
8850.6875 12500.382 
37085.598 32594.4 
59244.598 30281.258 
51656.664 99544.34 
50638.934 77191.54 
14910.823 98446.375 
9763.545 61059.754 
49035.227 2300.477 
26074.428 62591.105 
65088.47 16952.33 
40600.395 76743.91 
47008.7 79641.73 
27388.787 23043.037 
83974.836 8917.564 
82730.04 57047.9 
55163.305 15881.425 
45567.137 81986.87 
94284.82 93277.45 
78262.92 30129.98 
29481.756 41543.02 
80536.945 3989.19 
92081.586 69670.336 
51539.594 98164.01 
33009.945 264.13797 
61660.84 62906.29 
53857.242 90736.81 
23044.133 83640.89 
8966.136 60946.17 
27474.428 89188.97 
31576.438 48098.574 
44228.0 31803.477 
79955.37 25323.193 
75817.19 9906.661 
45292.7 55442.816 
63855.14 99247.02 
51502.574 67159.48 
23336.578 78759.61 
55310.887 49735.64 
84623.945 56471.746 
3293.6692 53444.707 
6802.4697 30164.188 
58857.203 47310.78 
32591.04 33052.47 
97314.766 40241.434 
17751.002 81437.82 
9831.715 85427.47 
41316.45 38094.43 
18505.209 6249.2847 
86684.22 50176.387 
4456.389 51863.984 
47669.28 95773.336 
90591.2 85685.695 
23383.527 50108.48 
10495.114 55211.03 
6877.464 46011.414 
77442.37 88742.984 
75852.414 78027.16 
43210.28 16751.879 
60674.758 73720.266 
88594.375 52666.914 
91985.484 6841.314 
7334.03 71163.66 
34292.7 46545.355 
56506.758 49411.85 
55268.492 55355.26 
31070.215 47747.016 
95564.664 60675.562 
42675.5 86862.93 
18645.25 14076.322 
15506.786 66488.99 
82553.836 17035.318 
59896.023 79775.71 
79145.3 68166.85 
10806.197 23986.418 
94886.33 76055.91 
68772.89 33869.01 
19947.297 73598.46 
9155.131 63105.16 
48365.254 68226.03 
17998.283 81916.766 
96260.984 10632.485 
13692.688 17222.875 
12461.114 69751.0 
49972.117 34219.79 
56741.84 59942.305 
2499.8545 95000.69 
85918.35 87903.61 
86012.51 57498.746 
73110.19 21009.518 
57221.043 24851.984 
16987.473 39028.83 
38705.992 76034.45 
97228.2 19867.217 
67002.03 9623.938 
41686.66 43668.113 
72872.734 96792.086 
77095.37 33830.285 
50166.656 51480.34 
96016.36 7898.301 
51172.668 96300.85 
41055.023 94543.734 
58418.125 94571.58 
56194.805 7733.792 
55554.47 71220.875 
2961.6416 17496.812 
41338.98 98800.695 
74752.04 44319.688 
71549.8 46814.215 
50140.434 46091.746 
52576.973 1841.7478 
9714.467 91647.484 
58841.227 57947.16 
50678.11 91422.625 
73342.55 48539.574 
89131.51 15653.676 
8583.003 65785.93 
56915.332 95111.12 
13706.81 66917.59 
13840.509 3815.8716 
5629.432 50008.207 
87968.85 41862.32 
27677.064 48243.06 
77635.55 7739.472 
72126.734 21138.156 
45692.87 845.325 
44140.53 44946.676 
75900.3 67732.23 
67849.734 30522.377 
55696.703 80569.484 
72504.79 34666.312 
81284.66 57992.785 
62215.625 16499.924 
27867.322 40618.86 
89227.17 11282.0205 
88149.46 63793.176 
73082.96 14479.231 
99302.945 15423.649 
49413.223 54532.484 
66272.875 77914.15 
88244.51 75920.16 
56645.36 70188.84 
96277.88 98650.32 
18707.078 82596.26 
46948.75 86629.5 
34506.027 27166.795 
60501.32 67426.664 
8692.676 65398.27 
60835.21 48313.42 
52012.98 71651.64 
51374.383 68212.95 
6183.5884 2608.7344 
96344.984 88990.484 
80462.42 71390.18 
42117.297 40590.4 
5804.068 32235.033 
23968.195 97653.98 
31641.137 20544.977 
42868.15 36785.52 
84954.36 30098.486 
63616.24 36482.645 
18592.805 49911.97 
36576.207 70382.555 
3301.0066 97192.83 
19957.273 69933.734 
68433.21 28786.307 
25398.373 7481.3545 
93032.195 64217.336 
6729.2393 64212.836 
60276.64 20686.424 
98185.29 90171.984 
53028.242 20074.69 
4845.4404 52899.71 
20417.451 45087.926 
83256.86 76044.81 
39491.797 75127.73 
85533.59 34919.92 
31618.232 40385.12 
94905.44 49427.777 
40601.723 77138.03 
56799.95 69586.73 
3687.513 19489.527 
16927.94 10139.829 
33399.426 8063.1675 
59185.816 60098.414 
8487.54 58791.023 
91976.65 73772.57 
47385.69 3268.51 
45084.836 71660.84 
4094.2192 63648.844 
1631.5938 23859.436 
1200.7236 51213.145 
24814.797 13315.63 
60038.68 9145.832 
28835.803 40764.684 
36279.617 51298.652 
52188.9 23589.188 
48391.684 63530.945 
91697.875 94721.9 
44519.98 30323.13 
52506.87 39238.16 
83909.4 63591.36 
25654.758 31174.605 
75768.02 43861.914 
66687.37 93651.94 
80540.86 26136.84 
69600.71 95418.97 
15323.871 17900.336 
96688.62 86883.125 
41304.56 47845.57 
80826.93 40521.496 
41686.445 18172.71 
89415.33 92811.82 
13873.738 66912.03 
63479.31 37582.035 
10402.834 69915.73 
88985.414 20609.975 
25166.762 34253.78 
45730.496 60635.31 
61156.49 89123.164 
20531.023 27457.023 
54821.23 69475.62 
81975.195 49831.64 
12123.191 27893.078 
42634.04 87368.31 
19637.299 57355.797 
88096.37 66010.23 
88143.3 81087.07 
20047.176 57032.926 
18907.91 74310.56 
40213.086 37376.184 
27403.158 49275.59 
23527.277 43717.535 
34010.47 21109.492 
80308.95 64714.9 
25088.389 3821.8022 
59408.496 72578.47 
84716.72 78055.766 
75753.64 95425.2 
1865.84 53960.68 
67968.75 71133.74 
19384.45 91911.57 
73967.945 98625.26 
30071.092 72858.72 
6693.381 37182.598 
56526.785 50040.645 
78346.336 73683.04 
11122.357 99893.68 
52216.137 33119.69 
1211.828 96556.016 
47039.242 2745.4556 
73951.66 99772.72 
13018.06 54376.598 
31327.426 97702.63 
82310.4 14188.469 
56138.246 25610.941 
43890.75 52633.33 
85952.9 69270.91 
34923.07 58382.523 
36949.195 2721.6255 
92721.266 55477.703 
90911.555 37528.504 
95372.16 9765.846 
14636.2 22623.05 
90331.76 13350.534 
25034.904 16974.318 
81767.48 99940.445 
59107.535 12645.858 
14907.503 21899.902 
64751.492 53159.867 
62786.758 55353.492 
25488.334 25528.752 
23973.102 13277.739 
44320.25 96889.68 
73355.31 60099.285 
84102.16 75519.266 
48927.11 83447.305 
34360.414 47303.75 
90572.41 89474.88 
8051.0913 32750.23 
89821.24 24230.04 
72286.945 25661.559 
37892.824 63144.83 
60841.36 76041.5 
31371.23 58605.824 
74842.53 19088.549 
76685.34 48118.305 
43395.86 95780.32 
25111.842 35690.355 
25124.264 64112.168 
26028.008 1214.6174 
92314.61 33162.74 
47159.773 27848.84 
54335.05 23506.361 
23963.588 78290.55 
69388.49 39832.316 
46223.54 86565.38 
31946.885 46779.453 
6426.7397 53225.785 
46141.504 42831.246 
42300.516 55972.26 
37045.21 94581.96 
33667.594 83510.336 
66570.85 3783.0234 
22926.94 13353.86 
8330.494 50377.25 
38235.04 31250.436 
66274.19 68354.53 
10897.499 4474.9023 
60585.297 38909.285 
3445.971 98507.08 
36797.42 12299.598 
45046.93 68242.84 
11372.065 20318.234 
6755.2686 64104.133 
50306.453 3764.5757 
23986.805 99999.57 
83308.96 31195.986 
78554.37 15390.474 
1580.2383 18040.883 
11616.444 85647.516 
34477.984 99440.19 
33664.727 52913.188 
81842.73 60577.9 
92777.82 49850.582 
22351.867 68456.62 
30155.69 8556.873 
72095.125 76823.836 
97599.79 710.35626 
25082.977 28076.297 
98104.51 58426.29 
32379.943 53341.0 
83878.2 20603.342 
28079.771 64495.14 
59529.676 30597.645 
67802.52 43645.656 
78263.734 48274.992 
33503.156 9610.068 
29966.855 4836.172 
72155.484 84351.84 
29080.57 20821.53 
65647.266 91317.42 
52020.09 76475.49 
85635.84 2452.2185 
16274.356 95850.69 
26126.188 60655.438 
61709.188 9876.901 
54414.312 52947.938 
97289.08 53897.68 
99370.16 99114.195 
29547.549 38234.168 
46710.645 67543.555 
41597.9 89082.836 
21141.756 90002.84 
50022.793 75962.445 
62548.465 39751.78 
21164.066 32032.549 
614.78613 71455.26 
75516.14 97507.234 
72507.69 19506.836 
79283.67 13245.213 
30015.408 75471.695 
3684.3955 2132.0999 
34561.902 41264.117 
96062.766 67369.16 
24907.219 97335.47 
30942.012 28091.604 
67482.92 63567.62 
5207.2046 99269.6 
12908.972 32810.02 
78918.76 1568.4247 
4313.9814 55195.773 
93854.375 81296.88 
28965.635 66713.19 
85631.96 5851.3223 
10057.706 23249.9 
34851.67 27828.342 
81250.62 95781.86 
28600.354 34453.355 
23994.607 41928.65 
59187.426 97941.414 
23358.846 21181.715 
13240.212 48217.33 
78942.16 7235.658 
75205.78 9985.566 
5657.661 51582.957 
16622.258 90928.03 
57284.2 12496.424 
80787.734 12856.096 
81494.21 16414.512 
24031.52 30548.787 
66745.0 12314.48 
94856.336 47932.57 
12415.373 725.5673 
33760.434 83922.01 
57651.59 18475.74 
55364.992 52930.32 
50638.027 78024.625 
34178.65 51621.633 
57822.83 50313.88 
92353.336 4323.107 
76714.695 35532.766 
76361.52 36617.523 
71242.96 44178.36 
86706.07 68530.586 
35671.465 57479.12 
75422.43 45509.91 
72322.02 11900.955 
67926.05 33724.14 
45852.23 56383.074 
74182.195 74314.35 
28815.049 26534.992 
87533.3 23889.846 
51285.31 19709.01 
93922.516 62125.562 
3366.4465 5146.074 
28627.998 54697.664 
50595.445 69845.91 
78708.24 55460.93 
16165.578 53061.39 
76705.664 76760.75 
63316.434 19055.426 
12126.852 63682.316 
99343.96 31739.033 
81988.99 66029.33 
87916.29 37848.58 
48281.594 1617.3959 
37514.18 13297.35 
89341.266 63348.473 
64929.36 45192.54 
52488.195 9349.263 
68245.01 88748.516 
98252.39 35619.344 
83296.38 72015.35 
91363.24 11116.088 
11286.866 4109.2275 
42438.93 29538.68 
58345.844 45667.957 
46855.562 25359.715 
6006.253 8815.39 
46275.73 15551.389 
65806.82 92319.26 
54260.332 66185.24 
62757.207 14246.643 
23577.28 74436.28 
37825.68 56701.152 
80368.91 82841.055 
75812.56 76670.4 
33172.72 61855.156 
14165.801 94187.34 
64645.453 68301.37 
2997.2673 38543.902 
95269.32 97230.61 
94601.9 98880.58 
43685.11 30631.178 
90310.27 84867.0 
2774.9062 62478.07 
56977.105 93199.83 
67196.3 61536.09 
8591.574 97156.84 
32550.627 63402.664 
89473.39 19400.078 
92363.37 55347.062 
73684.99 16619.926 
72991.01 1981.8903 
35352.676 41523.9 
12683.856 28662.943 
41567.07 60225.74 
36379.355 31289.93 
63758.152 87475.28 
37238.13 65971.19 
5557.06 68640.02 
17142.045 16479.797 
61122.31 35222.816 
86837.14 69789.836 
73992.27 3354.8057 
90426.11 5024.63 
84310.22 74580.48 
14607.722 25221.479 
73647.74 51856.09 
19350.492 17329.568 
28833.639 56580.793 
90312.695 98282.74 
6698.7812 44299.01 
53831.81 4860.7705 
43303.51 76146.695 
10066.754 74970.164 
87169.26 32914.324 
59061.473 87098.47 
64745.55 20584.434 
6096.983 13746.327 
96578.21 36248.766 
7511.7646 70905.78 
58485.55 56361.688 
34810.484 27977.508 
27891.88 4345.9473 
4774.141 76315.555 
21018.088 19701.266 
15669.691 36827.016 
31907.648 18103.176 
96583.95 41272.32 
44604.38 22712.146 
78239.17 23205.715 
40841.11 96293.67 
22061.432 54526.867 
48302.055 86096.04 
50256.242 15604.252 
20156.842 47122.383 
36499.707 70665.85 
51711.613 61909.18 
85690.68 66978.875 
91578.125 67687.65 
25956.244 94169.305 
4931.3965 15425.33 
88497.445 38335.504 
77730.23 64349.758 
75454.97 80423.68 
91044.91 93837.34 
35129.29 7254.4453 
42016.62 39761.49 
32782.207 90778.695 
85921.445 21351.26 
36864.598 12320.62 
36096.805 68194.43 
30660.094 56020.945 
94192.83 25168.031 
11619.043 13271.952 
21729.094 59799.008 
91507.17 48047.71 
79976.28 14914.68 
54147.977 93651.25 
3761.1782 96564.875 
41046.51 33059.395 
76245.38 9277.767 
3409.5288 57844.46 
96695.84 8002.299 
99697.49 81249.28 
87708.15 27908.748 
6347.0483 77610.875 
48528.727 42944.133 
3988.2244 37754.332 
98633.23 44112.082 
68462.42 24558.58 
62449.61 85371.75 
34151.285 17541.086 
59272.27 24393.254 
63290.332 84491.055 
89518.09 56797.324 
88616.336 72935.58 
52358.73 64635.56 
45246.76 87148.44 
13569.235 45488.715 
51288.797 96666.82 
34619.957 69490.53 
73313.16 589.66876 
13374.162 3702.0742 
43304.746 65577.92 
7322.0312 11508.691 
6631.219 33309.453 
66475.18 58091.324 
37377.895 569.7608 
94573.33 49603.41 
77321.38 59156.52 
54134.52 85592.4 
39905.09 16876.703 
98445.16 82632.164 
80701.34 30217.338 
37480.258 17334.158 
13673.008 65434.344 
55924.67 63195.992 
48569.316 71052.21 
1202.6667 46506.805 
22309.041 20884.31 
44297.38 99199.18 
87330.05 54018.14 
3048.587 32622.408 
26545.4 54671.336 
68763.555 26277.72 
69479.71 39885.707 
24881.047 14231.1875 
51916.22 42722.94 
18924.916 42896.504 
64329.31 30554.754 
94215.945 64911.09 
77683.11 96362.23 
99234.91 61731.504 
81834.266 21396.28 
33916.95 53227.01 
67585.63 72389.516 
22588.098 45894.785 
82011.414 59595.746 
2124.578 96360.0 
74438.555 13678.509 
5931.05 66626.414 
71662.58 11845.505 
4514.575 29235.666 
2648.9973 95168.2 
22109.156 40268.82 
69987.625 19831.879 
96625.71 46234.973 
5401.9688 1791.3759 
43120.992 76655.66 
75157.64 75184.84 
45266.19 10949.338 
26563.836 44666.26 
56533.684 98488.37 
5032.629 76906.19 
84902.73 70946.13 
71278.82 29787.588 
49019.89 71840.41 
16946.154 43764.516 
87455.69 59139.26 
3784.6924 29488.79 
28808.975 21620.143 
33842.676 41743.074 
62068.285 11113.745 
26149.28 71107.016 
2302.0269 92640.12 
17041.666 52349.273 
15187.479 78631.82 
87430.44 49567.98 
29182.352 56881.637 
29515.768 51442.11 
30688.393 73552.234 
9187.889 91017.57 
55060.23 60609.996 
27808.701 90206.63 
